ProveraVlasnika = 1
Vlasnik = Domba_Barcan
Vrsta = Villa
UlazX = 331.991119
UlazY = -1337.503906
UlazZ = 14.507812
IzlazX = 140.260498
IzlazY = 1367.422119
IzlazZ = 1083.861450
Neaktivnost = 0
Level = 100
Cena = 8000000
Novac = 0
Interior = 5
Zatvoreno = 1
VW = 1
Oruzije = -1
Municija = 0
Rent = 0
CenaRenta = 50
Zvono = 0
Heal = 0
Mats = 0
Droga = 0
Odjeca = 0
VrstaIntKuce = 4
Hrana = 0
